1	37	100.000	476	0	0	1	476	22	497	0.0	880
1	36	100.000	476	0	0	1	476	22	497	0.0	880
1	43	99.790	476	1	0	1	476	22	497	0.0	874
1	42	99.580	476	2	0	1	476	22	497	0.0	869
1	41	99.580	476	2	0	1	476	22	497	0.0	869
1	40	99.580	476	2	0	1	476	22	497	0.0	869
1	39	99.580	476	2	0	1	476	22	497	0.0	869
2	43	100.000	476	0	0	1	476	22	497	0.0	880
2	42	99.790	476	1	0	1	476	22	497	0.0	874
2	41	99.790	476	1	0	1	476	22	497	0.0	874
2	40	99.790	476	1	0	1	476	22	497	0.0	874
2	39	99.790	476	1	0	1	476	22	497	0.0	874
2	37	99.790	476	1	0	1	476	22	497	0.0	874
2	36	99.790	476	1	0	1	476	22	497	0.0	874
2	38	99.580	476	2	0	1	476	22	497	0.0	869
3	34	100.000	476	0	0	1	476	22	497	0.0	880
3	33	99.790	476	1	0	1	476	22	497	0.0	874
3	32	99.790	476	1	0	1	476	22	497	0.0	874
3	31	99.790	476	1	0	1	476	22	497	0.0	874
3	30	99.790	476	1	0	1	476	22	497	0.0	874
3	29	99.580	476	2	0	1	476	22	497	0.0	869
3	10	99.580	476	2	0	1	476	22	497	0.0	869
4	14	100.000	476	0	0	1	476	22	497	0.0	880
4	13	99.580	476	2	0	1	476	22	497	0.0	869
4	12	99.580	476	2	0	1	476	22	497	0.0	869
5	3	100.000	476	0	0	1	476	22	497	0.0	880
5	4	99.790	476	1	0	1	476	22	497	0.0	874
5	2	99.580	476	2	0	1	476	22	497	0.0	869
6	65	100.000	476	0	0	1	476	22	497	0.0	880
6	64	99.580	476	2	0	1	476	22	497	0.0	869
6	63	99.580	476	2	0	1	476	22	497	0.0	869
7	10	100.000	476	0	0	1	476	22	497	0.0	880
7	26	99.790	476	1	0	1	476	22	497	0.0	874
7	11	99.790	476	1	0	1	476	22	497	0.0	874
7	34	99.580	476	2	0	1	476	22	497	0.0	869
7	25	99.580	476	2	0	1	476	22	497	0.0	869
7	24	99.580	476	2	0	1	476	22	497	0.0	869
7	9	99.580	476	2	0	1	476	22	497	0.0	869
8	62	100.000	476	0	0	1	476	22	497	0.0	880
8	61	99.790	476	1	0	1	476	22	497	0.0	874
8	60	99.790	476	1	0	1	476	22	497	0.0	874
9	2	100.000	476	0	0	1	476	22	497	0.0	880
9	3	99.580	476	2	0	1	476	22	497	0.0	869
10	37	99.790	476	1	0	1	476	22	497	0.0	874
10	36	99.790	476	1	0	1	476	22	497	0.0	874
10	43	99.580	476	2	0	1	476	22	497	0.0	869
11	21	100.000	476	0	0	1	476	22	497	0.0	880
12	55	100.000	476	0	0	1	476	22	497	0.0	880
12	54	99.790	476	1	0	1	476	22	497	0.0	874
15	37	99.790	476	1	0	1	476	22	497	0.0	874
15	36	99.790	476	1	0	1	476	22	497	0.0	874
15	43	99.580	476	2	0	1	476	22	497	0.0	869
16	9	100.000	476	0	0	1	476	22	497	0.0	880
16	11	99.790	476	1	0	1	476	22	497	0.0	874
16	10	99.580	476	2	0	1	476	22	497	0.0	869
17	26	100.000	476	0	0	1	476	22	497	0.0	880
17	25	99.790	476	1	0	1	476	22	497	0.0	874
17	24	99.790	476	1	0	1	476	22	497	0.0	874
17	10	99.790	476	1	0	1	476	22	497	0.0	874
17	23	99.580	476	2	0	1	476	22	497	0.0	869
17	22	99.580	476	2	0	1	476	22	497	0.0	869
17	11	99.580	476	2	0	1	476	22	497	0.0	869
18	19	100.000	476	0	0	1	476	22	497	0.0	880
18	17	99.790	476	1	0	1	476	22	497	0.0	874
18	18	99.580	476	2	0	1	476	22	497	0.0	869
18	16	99.580	476	2	0	1	476	22	497	0.0	869
19	42	100.000	476	0	0	1	476	22	497	0.0	880
19	43	99.790	476	1	0	1	476	22	497	0.0	874
19	41	99.580	476	2	0	1	476	22	497	0.0	869
19	40	99.580	476	2	0	1	476	22	497	0.0	869
19	39	99.580	476	2	0	1	476	22	497	0.0	869
19	37	99.580	476	2	0	1	476	22	497	0.0	869
19	36	99.580	476	2	0	1	476	22	497	0.0	869
20	34	99.790	476	1	0	1	476	22	497	0.0	874
20	33	99.580	476	2	0	1	476	22	497	0.0	869
20	32	99.580	476	2	0	1	476	22	497	0.0	869
20	31	99.580	476	2	0	1	476	22	497	0.0	869
20	30	99.580	476	2	0	1	476	22	497	0.0	869
21	7	100.000	476	0	0	1	476	22	497	0.0	880
23	34	99.790	476	1	0	1	476	22	497	0.0	874
23	33	99.580	476	2	0	1	476	22	497	0.0	869
23	32	99.580	476	2	0	1	476	22	497	0.0	869
23	31	99.580	476	2	0	1	476	22	497	0.0	869
23	30	99.580	476	2	0	1	476	22	497	0.0	869
24	57	100.000	476	0	0	1	476	22	497	0.0	880
25	60	99.580	476	2	0	1	476	22	497	0.0	869
26	50	100.000	476	0	0	1	476	22	497	0.0	880
27	55	99.790	476	1	0	1	476	22	497	0.0	874
27	54	99.580	476	2	0	1	476	22	497	0.0	869
28	53	100.000	476	0	0	1	476	22	497	0.0	880
28	52	99.790	476	1	0	1	476	22	497	0.0	874
28	51	99.580	476	2	0	1	476	22	497	0.0	869
29	43	99.790	476	1	0	1	476	22	497	0.0	874
29	42	99.580	476	2	0	1	476	22	497	0.0	869
29	41	99.580	476	2	0	1	476	22	497	0.0	869
29	40	99.580	476	2	0	1	476	22	497	0.0	869
29	39	99.580	476	2	0	1	476	22	497	0.0	869
29	37	99.580	476	2	0	1	476	22	497	0.0	869
29	36	99.580	476	2	0	1	476	22	497	0.0	869
30	56	100.000	476	0	0	1	476	22	497	0.0	880
32	63	99.580	476	2	0	1	476	22	497	0.0	869
33	58	100.000	476	0	0	1	476	22	497	0.0	880
34	14	99.790	476	1	0	1	476	22	497	0.0	874
35	65	99.790	476	1	0	1	476	22	497	0.0	874
38	10	99.790	476	1	0	1	476	22	497	0.0	874
38	26	99.580	476	2	0	1	476	22	497	0.0	869
38	11	99.580	476	2	0	1	476	22	497	0.0	869
41	65	99.580	476	2	0	1	476	22	497	0.0	869
41	64	99.580	476	2	0	1	476	22	497	0.0	869
41	63	99.580	476	2	0	1	476	22	497	0.0	869
42	34	99.790	476	1	0	1	476	22	497	0.0	874
42	33	99.580	476	2	0	1	476	22	497	0.0	869
42	32	99.580	476	2	0	1	476	22	497	0.0	869
42	31	99.580	476	2	0	1	476	22	497	0.0	869
42	30	99.580	476	2	0	1	476	22	497	0.0	869
44	14	99.790	476	1	0	1	476	22	497	0.0	874
45	35	100.000	476	0	0	1	476	22	497	0.0	880
46	25	99.580	476	2	0	1	476	22	497	0.0	869
47	42	99.790	476	1	0	1	476	22	497	0.0	874
47	43	99.580	476	2	0	1	476	22	497	0.0	869
48	62	99.580	476	2	0	1	476	22	497	0.0	869
50	63	100.000	476	0	0	1	476	22	497	0.0	880
50	65	99.580	476	2	0	1	476	22	497	0.0	869
51	43	99.790	476	1	0	1	476	22	497	0.0	874
51	42	99.580	476	2	0	1	476	22	497	0.0	869
51	41	99.580	476	2	0	1	476	22	497	0.0	869
51	40	99.580	476	2	0	1	476	22	497	0.0	869
51	39	99.580	476	2	0	1	476	22	497	0.0	869
51	37	99.580	476	2	0	1	476	22	497	0.0	869
51	36	99.580	476	2	0	1	476	22	497	0.0	869
54	34	99.790	476	1	0	1	476	22	497	0.0	874
54	33	99.580	476	2	0	1	476	22	497	0.0	869
54	32	99.580	476	2	0	1	476	22	497	0.0	869
54	31	99.580	476	2	0	1	476	22	497	0.0	869
54	30	99.580	476	2	0	1	476	22	497	0.0	869
55	55	99.790	476	1	0	1	476	22	497	0.0	874
55	54	99.580	476	2	0	1	476	22	497	0.0	869
56	21	99.790	476	1	0	1	476	22	497	0.0	874
57	37	99.790	476	1	0	1	476	22	497	0.0	874
57	36	99.790	476	1	0	1	476	22	497	0.0	874
57	43	99.580	476	2	0	1	476	22	497	0.0	869
58	42	99.790	476	1	0	1	476	22	497	0.0	874
58	43	99.580	476	2	0	1	476	22	497	0.0	869
59	37	99.790	476	1	0	1	476	22	497	0.0	874
59	36	99.790	476	1	0	1	476	22	497	0.0	874
59	43	99.580	476	2	0	1	476	22	497	0.0	869
61	34	99.790	476	1	0	1	476	22	497	0.0	874
61	33	99.580	476	2	0	1	476	22	497	0.0	869
61	32	99.580	476	2	0	1	476	22	497	0.0	869
61	31	99.580	476	2	0	1	476	22	497	0.0	869
61	30	99.580	476	2	0	1	476	22	497	0.0	869
62	34	99.790	476	1	0	1	476	22	497	0.0	874
62	33	99.580	476	2	0	1	476	22	497	0.0	869
62	32	99.580	476	2	0	1	476	22	497	0.0	869
62	31	99.580	476	2	0	1	476	22	497	0.0	869
62	30	99.580	476	2	0	1	476	22	497	0.0	869
63	37	99.790	476	1	0	1	476	22	497	0.0	874
63	36	99.790	476	1	0	1	476	22	497	0.0	874
63	43	99.580	476	2	0	1	476	22	497	0.0	869
64	43	99.580	476	2	0	1	476	22	497	0.0	869
65	26	99.790	476	1	0	1	476	22	497	0.0	874
65	25	99.580	476	2	0	1	476	22	497	0.0	869
65	24	99.580	476	2	0	1	476	22	497	0.0	869
65	10	99.580	476	2	0	1	476	22	497	0.0	869
66	62	99.790	476	1	0	1	476	22	497	0.0	874
66	61	99.580	476	2	0	1	476	22	497	0.0	869
66	60	99.580	476	2	0	1	476	22	497	0.0	869
67	21	99.790	476	1	0	1	476	22	497	0.0	874
68	14	99.790	476	1	0	1	476	22	497	0.0	874
70	53	99.790	476	1	0	1	476	22	497	0.0	874
70	52	99.580	476	2	0	1	476	22	497	0.0	869
70	50	99.580	476	2	0	1	476	22	497	0.0	869
71	37	99.790	476	1	0	1	476	22	497	0.0	874
71	36	99.790	476	1	0	1	476	22	497	0.0	874
71	43	99.580	476	2	0	1	476	22	497	0.0	869
72	37	99.580	476	2	0	1	476	22	497	0.0	869
72	36	99.580	476	2	0	1	476	22	497	0.0	869
73	34	99.790	476	1	0	1	476	22	497	0.0	874
73	33	99.580	476	2	0	1	476	22	497	0.0	869
73	32	99.580	476	2	0	1	476	22	497	0.0	869
73	31	99.580	476	2	0	1	476	22	497	0.0	869
73	30	99.580	476	2	0	1	476	22	497	0.0	869
74	53	99.790	476	1	0	1	476	22	497	0.0	874
74	52	99.580	476	2	0	1	476	22	497	0.0	869
74	50	99.580	476	2	0	1	476	22	497	0.0	869
75	37	99.580	476	2	0	1	476	22	497	0.0	869
75	36	99.580	476	2	0	1	476	22	497	0.0	869
76	43	99.790	476	1	0	1	476	22	497	0.0	874
76	42	99.580	476	2	0	1	476	22	497	0.0	869
76	41	99.580	476	2	0	1	476	22	497	0.0	869
76	40	99.580	476	2	0	1	476	22	497	0.0	869
76	39	99.580	476	2	0	1	476	22	497	0.0	869
76	37	99.580	476	2	0	1	476	22	497	0.0	869
76	36	99.580	476	2	0	1	476	22	497	0.0	869
77	50	99.790	476	1	0	1	476	22	497	0.0	874
78	50	99.790	476	1	0	1	476	22	497	0.0	874
79	56	99.790	476	1	0	1	476	22	497	0.0	874
80	34	99.790	476	1	0	1	476	22	497	0.0	874
80	33	99.580	476	2	0	1	476	22	497	0.0	869
80	32	99.580	476	2	0	1	476	22	497	0.0	869
80	31	99.580	476	2	0	1	476	22	497	0.0	869
80	30	99.580	476	2	0	1	476	22	497	0.0	869
82	21	99.790	476	1	0	1	476	22	497	0.0	874
83	37	99.790	476	1	0	1	476	22	497	0.0	874
83	36	99.790	476	1	0	1	476	22	497	0.0	874
83	43	99.580	476	2	0	1	476	22	497	0.0	869
84	37	99.790	476	1	0	1	476	22	497	0.0	874
84	36	99.790	476	1	0	1	476	22	497	0.0	874
84	43	99.580	476	2	0	1	476	22	497	0.0	869
85	50	99.790	476	1	0	1	476	22	497	0.0	874
86	34	99.790	476	1	0	1	476	22	497	0.0	874
86	33	99.580	476	2	0	1	476	22	497	0.0	869
86	32	99.580	476	2	0	1	476	22	497	0.0	869
86	31	99.580	476	2	0	1	476	22	497	0.0	869
86	30	99.580	476	2	0	1	476	22	497	0.0	869
87	65	99.790	476	1	0	1	476	22	497	0.0	874
88	43	99.790	476	1	0	1	476	22	497	0.0	874
88	42	99.580	476	2	0	1	476	22	497	0.0	869
88	41	99.580	476	2	0	1	476	22	497	0.0	869
88	40	99.580	476	2	0	1	476	22	497	0.0	869
88	39	99.580	476	2	0	1	476	22	497	0.0	869
88	37	99.580	476	2	0	1	476	22	497	0.0	869
88	36	99.580	476	2	0	1	476	22	497	0.0	869
89	43	99.790	476	1	0	1	476	22	497	0.0	874
89	42	99.580	476	2	0	1	476	22	497	0.0	869
89	41	99.580	476	2	0	1	476	22	497	0.0	869
89	40	99.580	476	2	0	1	476	22	497	0.0	869
89	39	99.580	476	2	0	1	476	22	497	0.0	869
89	37	99.580	476	2	0	1	476	22	497	0.0	869
89	36	99.580	476	2	0	1	476	22	497	0.0	869
91	43	99.790	476	1	0	1	476	22	497	0.0	874
91	42	99.580	476	2	0	1	476	22	497	0.0	869
91	41	99.580	476	2	0	1	476	22	497	0.0	869
91	40	99.580	476	2	0	1	476	22	497	0.0	869
91	39	99.580	476	2	0	1	476	22	497	0.0	869
91	37	99.580	476	2	0	1	476	22	497	0.0	869
91	36	99.580	476	2	0	1	476	22	497	0.0	869
93	14	99.790	476	1	0	1	476	22	497	0.0	874
94	37	99.580	476	2	0	1	476	22	497	0.0	869
94	36	99.580	476	2	0	1	476	22	497	0.0	869
95	65	99.790	476	1	0	1	476	22	497	0.0	874
95	63	99.790	476	1	0	1	476	22	497	0.0	874
96	43	99.790	476	1	0	1	476	22	497	0.0	874
96	42	99.580	476	2	0	1	476	22	497	0.0	869
96	41	99.580	476	2	0	1	476	22	497	0.0	869
96	40	99.580	476	2	0	1	476	22	497	0.0	869
96	39	99.580	476	2	0	1	476	22	497	0.0	869
96	37	99.580	476	2	0	1	476	22	497	0.0	869
96	36	99.580	476	2	0	1	476	22	497	0.0	869
97	34	99.790	476	1	0	1	476	22	497	0.0	874
97	33	99.580	476	2	0	1	476	22	497	0.0	869
97	32	99.580	476	2	0	1	476	22	497	0.0	869
97	31	99.580	476	2	0	1	476	22	497	0.0	869
97	30	99.580	476	2	0	1	476	22	497	0.0	869
98	28	100.000	476	0	0	1	476	22	497	0.0	880
100	34	99.790	476	1	0	1	476	22	497	0.0	874
100	33	99.580	476	2	0	1	476	22	497	0.0	869
100	32	99.580	476	2	0	1	476	22	497	0.0	869
100	31	99.580	476	2	0	1	476	22	497	0.0	869
100	30	99.580	476	2	0	1	476	22	497	0.0	869
101	43	99.790	476	1	0	1	476	22	497	0.0	874
101	42	99.580	476	2	0	1	476	22	497	0.0	869
101	41	99.580	476	2	0	1	476	22	497	0.0	869
101	40	99.580	476	2	0	1	476	22	497	0.0	869
101	39	99.580	476	2	0	1	476	22	497	0.0	869
101	37	99.580	476	2	0	1	476	22	497	0.0	869
101	36	99.580	476	2	0	1	476	22	497	0.0	869
104	19	99.790	476	1	0	1	476	22	497	0.0	874
104	17	99.580	476	2	0	1	476	22	497	0.0	869
105	14	99.790	476	1	0	1	476	22	497	0.0	874
106	60	99.790	476	1	0	1	476	22	497	0.0	874
106	62	99.580	476	2	0	1	476	22	497	0.0	869
107	50	99.790	476	1	0	1	476	22	497	0.0	874
108	37	99.580	476	2	0	1	476	22	497	0.0	869
108	36	99.580	476	2	0	1	476	22	497	0.0	869
109	21	99.790	476	1	0	1	476	22	497	0.0	874
110	43	99.790	476	1	0	1	476	22	497	0.0	874
110	42	99.580	476	2	0	1	476	22	497	0.0	869
110	41	99.580	476	2	0	1	476	22	497	0.0	869
110	40	99.580	476	2	0	1	476	22	497	0.0	869
110	39	99.580	476	2	0	1	476	22	497	0.0	869
110	37	99.580	476	2	0	1	476	22	497	0.0	869
110	36	99.580	476	2	0	1	476	22	497	0.0	869
111	43	99.790	476	1	0	1	476	22	497	0.0	874
111	42	99.580	476	2	0	1	476	22	497	0.0	869
111	41	99.580	476	2	0	1	476	22	497	0.0	869
111	40	99.580	476	2	0	1	476	22	497	0.0	869
111	39	99.580	476	2	0	1	476	22	497	0.0	869
111	37	99.580	476	2	0	1	476	22	497	0.0	869
111	36	99.580	476	2	0	1	476	22	497	0.0	869
112	34	99.790	476	1	0	1	476	22	497	0.0	874
112	33	99.580	476	2	0	1	476	22	497	0.0	869
112	32	99.580	476	2	0	1	476	22	497	0.0	869
112	31	99.580	476	2	0	1	476	22	497	0.0	869
112	30	99.580	476	2	0	1	476	22	497	0.0	869
113	43	99.790	476	1	0	1	476	22	497	0.0	874
113	42	99.580	476	2	0	1	476	22	497	0.0	869
113	41	99.580	476	2	0	1	476	22	497	0.0	869
113	40	99.580	476	2	0	1	476	22	497	0.0	869
113	39	99.580	476	2	0	1	476	22	497	0.0	869
113	37	99.580	476	2	0	1	476	22	497	0.0	869
113	36	99.580	476	2	0	1	476	22	497	0.0	869
114	55	99.790	476	1	0	1	476	22	497	0.0	874
114	54	99.580	476	2	0	1	476	22	497	0.0	869
115	43	99.790	476	1	0	1	476	22	497	0.0	874
115	42	99.580	476	2	0	1	476	22	497	0.0	869
115	41	99.580	476	2	0	1	476	22	497	0.0	869
115	40	99.580	476	2	0	1	476	22	497	0.0	869
115	39	99.580	476	2	0	1	476	22	497	0.0	869
115	37	99.580	476	2	0	1	476	22	497	0.0	869
115	36	99.580	476	2	0	1	476	22	497	0.0	869
118	34	99.580	476	2	0	1	476	22	497	0.0	869
118	10	99.580	476	2	0	1	476	22	497	0.0	869
